[[   476.   1148.   1820.   2492.   3164.   3836.   4508.   5180.]
 [  1276.   3484.   5692.   7900.  10108.  12316.  14524.  16732.]
 [  2076.   5820.   9564.  13308.  17052.  20796.  24540.  28284.]
 [  2876.   8156.  13436.  18716.  23996.  29276.  34556.  39836.]
 [  3676.  10492.  17308.  24124.  30940.  37756.  44572.  51388.]
 [  4476.  12828.  21180.  29532.  37884.  46236.  54588.  62940.]
 [  5276.  15164.  25052.  34940.  44828.  54716.  64604.  74492.]
 [  6076.  17500.  28924.  40348.  51772.  63196.  74620.  86044.]
 [  6876.  19836.  32796.  45756.  58716.  71676.  84636.  97596.]
 [  7676.  22172.  36668.  51164.  65660.  80156.  94652. 109148.]][[   476.   1148.   1820.   2492.   3164.   3836.   4508.   5180.]
 [  1276.   3484.   5692.   7900.  10108.  12316.  14524.  16732.]
 [  2076.   5820.   9564.  13308.  17052.  20796.  24540.  28284.]
 [  2876.   8156.  13436.  18716.  23996.  29276.  34556.  39836.]
 [  3676.  10492.  17308.  24124.  30940.  37756.  44572.  51388.]
 [  4476.  12828.  21180.  29532.  37884.  46236.  54588.  62940.]
 [  5276.  15164.  25052.  34940.  44828.  54716.  64604.  74492.]
 [  6076.  17500.  28924.  40348.  51772.  63196.  74620.  86044.]
 [  6876.  19836.  32796.  45756.  58716.  71676.  84636.  97596.]
 [  7676.  22172.  36668.  51164.  65660.  80156.  94652. 109148.]][[  34   78  125  165  214  258  302  349  389  438]
 [  90  238  389  525  686  826  974 1125 1261 1422]
 [ 146  398  653  885 1158 1394 1646 1901 2133 2406]
 [ 202  558  917 1245 1630 1962 2318 2677 3005 3390]
 [ 258  718 1181 1605 2102 2530 2990 3453 3877 4374]
 [ 314  878 1445 1965 2574 3098 3662 4229 4749 5358]
 [ 370 1038 1709 2325 3046 3666 4334 5005 5621 6342]
 [ 426 1198 1973 2685 3518 4234 5006 5781 6493 7326]
 [ 482 1358 2237 3045 3990 4802 5678 6557 7365 8310]
 [ 538 1518 2501 3405 4462 5370 6350 7333 8237 9294]]