[26.80833606  9.73298495 14.96488112]   22.470033122769053
[27.62330174 30.90357839 47.4409057 ]   65.9553603842021
[65.39164585 59.92234667 65.57972221]   44.01523643590983
[28.23935224 39.14353701 58.6280462 ]   21.235415229601564
[42.12962782 11.59621884 54.39258603]   -32.85781877698411
[67.46329218  2.5940352  44.48534003]   25.53530004007365
[56.4519568  47.25499461 30.58510866]   -21.18803141126127
[ 8.00432619 50.92251636 -5.77508103]   87.59969262932401
[62.9338821  45.39890504 99.63011253]   -94.6035274886884
[13.70269722 15.5036196  82.3613377 ]   -18.143196629948207
